14
Br, 35, 45, 36, 1.8575, -0.0001, 0.0004
C, 6, 6, 10, -0.1152, -0.0001, -0.0001
C, 6, 6, 10, -0.5811, 0.1243, 1.4488
C, 6, 6, 10, -0.5805, 1.1930, -0.8321
C, 6, 6, 10, -0.5807, -1.3172, -0.6169
H, 1, 0, 2, -0.2196, -0.7098, 2.0613
H, 1, 0, 2, -0.2197, 1.0506, 1.9102
H, 1, 0, 2, -1.6753, 0.1294, 1.5085
H, 1, 0, 2, -0.2188, 2.1403, -0.4156
H, 1, 0, 2, -0.2187, 1.1295, -1.8649
H, 1, 0, 2, -1.6746, 1.2425, -0.8667
H, 1, 0, 2, -0.2193, -2.1798, -0.0452
H, 1, 0, 2, -0.2188, -1.4305, -1.6455
H, 1, 0, 2, -1.6749, -1.3716, -0.6427
0,1,0,0,0,0,0,0,0,0,0,0,0,0
1,0,1,1,1,0,0,0,0,0,0,0,0,0
0,1,0,0,0,1,1,1,0,0,0,0,0,0
0,1,0,0,0,0,0,0,1,1,1,0,0,0
0,1,0,0,0,0,0,0,0,0,0,1,1,1
0,0,1,0,0,0,0,0,0,0,0,0,0,0
0,0,1,0,0,0,0,0,0,0,0,0,0,0
0,0,1,0,0,0,0,0,0,0,0,0,0,0
0,0,0,1,0,0,0,0,0,0,0,0,0,0
0,0,0,1,0,0,0,0,0,0,0,0,0,0
0,0,0,1,0,0,0,0,0,0,0,0,0,0
0,0,0,0,1,0,0,0,0,0,0,0,0,0
0,0,0,0,1,0,0,0,0,0,0,0,0,0
0,0,0,0,1,0,0,0,0,0,0,0,0,0
3
Na, 8, 8, 10, 3.4030, 0.2500, 0.0000
O, 1, 0, 2, 2.5369, -0.2500, 0.0000
H, 1, 0, 2, 2.0000, 0.0600, 0.0000
0,1,0
1,0,1
0,1,0
3
O, 8, 8, 10, 0.0000, 0.0000, 0.0000
H, 1, 0, 2, 0.2774, 0.8929, 0.2544
H, 1, 0, 2, 0.6068, -0.2383, -0.7169
0,1,1
1,0,0
1,0,0 